    A:P1   3.230    5.927  7.658  8.205  8.291  8.550  8.584  8.593  8.734  8.867  9.001  9.001  9.001  9.001  9.001  9.001    2   89   44   90   45  111    3   46   43    0    0    0    0    0    0  16.664  40.275  21.539  54.555  70.432 
    A:N2   2.760    5.564  6.797  7.375  7.715  8.068  8.878  8.893  8.975  9.001  9.001  9.001  9.001  9.001  9.001  9.001    2   42   43   41  110   44    3  111    0    0    0    0    0    0    0  16.664  40.275  21.539  54.555  70.432 
    A:F3   3.121    5.218  5.220  6.441  6.780  7.007  8.443  8.910  9.001  9.001  9.001  9.001  9.001  9.001  9.001  9.001   40   41    2   39   42    3   47    0    0    0    0    0    0    0    0  37.851  34.843  71.156  86.977  85.744 
    A:S4   3.617    4.698  5.471  6.016  6.203  7.558  8.490  8.507  8.556  8.593  9.001  9.001  9.001  9.001  9.001  9.001   39   38   40    2   37   41  131  132   -3    0    0    0    0    0    0  34.224  76.745  90.429  91.412 107.837 
    A:G5   3.073    4.904  5.397  6.162  6.173  6.352  7.020  7.678  8.694  8.893  9.001  9.001  9.001  9.001  9.001  9.001   37   36  131   38    2  130   35   39   -3    0    0    0    0    0    0  44.151  59.394  59.542  81.061  92.767 
    A:N6   3.341    4.636  4.786  5.395  5.786  6.047  6.703  7.125  8.000  8.355  8.443  9.001  9.001  9.001  9.001  9.001  130   35  129   34   36    2  128   33   37   -3    0    0    0    0    0  15.948  15.472  39.624  49.095  67.460 
    A:W7   3.365    4.623  4.761  5.025  5.768  6.393  6.394  6.734  6.911  8.350  8.484  8.994  9.001  9.001  9.001  9.001  128  129  127   33   34    2   32  126   31   35  111    0    0    0    0   3.442  23.882  33.412  65.860  56.583 
    A:K8   3.191    4.788  5.389  6.135  6.197  6.858  6.941  7.079  7.321  7.609  7.721  8.249  8.922  9.001  9.001  9.001  126  125  127    2   31  128   30   32  124   29    3   33    0    0    0  25.551  33.664  62.559  53.553  60.738 
    A:I9   3.058    4.563  5.311  5.651  6.225  7.727  7.820  8.478  8.999  9.001  9.001  9.001  9.001  9.001  9.001  9.001  124  125    2  123  126   28   29    3    0    0    0    0    0    0    0  14.794  71.731  58.938  65.629 118.421 
   A:I10   3.531    5.075  5.507  6.903  6.972  7.711  9.001  9.001  9.001  9.001  9.001  9.001  9.001  9.001  9.001  9.001  123  122    2  124  121    0    0    0    0    0    0    0    0    0    0  62.077  48.526  54.488 112.372 112.357 
   A:R11   3.421    4.765  5.331  6.436  6.852  7.760  8.249  8.509  8.701  8.851  9.001  9.001  9.001  9.001  9.001  9.001  121  120  122    2  119   -3    3   25   26    0    0    0    0    0    0  13.695   9.997  51.388  67.360  26.171 
   A:S12   3.444    4.817  5.406  5.690  6.381  7.370  7.977  8.999  9.001  9.001  9.001  9.001  9.001  9.001  9.001  9.001  119    2  118  120    3  117   -3    0    0    0    0    0    0    0    0   7.235  65.033  78.234  14.840  67.410 
   A:E13   2.803    4.921  5.359  5.755  6.173  6.541  7.050  8.166  8.815  8.882  9.001  9.001  9.001  9.001  9.001  9.001  117    2  116  118    3    4  115    5  119    0    0    0    0    0    0  60.502  77.269  22.074  61.985  90.328 
   A:N14   2.783    4.217  4.712  5.585  5.599  6.133  7.398  7.597  8.071  8.509  8.863  9.001  9.001  9.001  9.001  9.001    2    3  115  116    4  117  114    5   -3  109    0    0    0    0    0  32.777  74.795  80.811  34.241  48.554 
   A:F15   2.740    4.257  4.868  6.219  7.290  7.370  7.772  8.008  8.162  8.206  8.212  9.001  9.001  9.001  9.001  9.001    2    3    4   17   -3  114  115   14    5   18    0    0    0    0    0  80.446 113.548  49.375  34.582 106.102 
   A:E16   2.784    4.234  4.787  6.232  6.541  8.212  8.348  8.439  8.888  9.001  9.001  9.001  9.001  9.001  9.001  9.001    2    3    4   -3    5  113   13  112    0    0    0    0    0    0    0  79.183 108.022  48.239  33.849 102.142 
   A:E17   2.716    4.212  4.712  4.835  6.306  6.568  6.708  7.050  8.039  8.146  8.153  8.617  8.729  8.819  9.001  9.001    2   -3    3    4  111  112   -4  107    5  110  113  106  108    0    0  79.333 110.660  48.656  37.055 108.504 
   A:L18   2.739    4.255  4.868  4.882  6.133  6.209  7.160  7.640  7.871  7.893  8.076  8.392  8.455  8.583  8.815  9.001    2   -3    3   -4    4    5  106  110  111   58    6  105  107   -5    0  78.890 109.094  44.338  37.350  76.804 
   A:L19   2.797    4.222  4.721  4.787  4.945  5.953  6.219  7.646  7.929  8.071  8.510  9.001  9.001  9.001  9.001  9.001    2    3   -3    4    5   -4    6    9   -5   10    0    0    0    0    0  79.537 106.528  47.031  48.711  61.119 
   A:K20   2.745    4.224  4.835  5.455  6.232  7.199  8.206  8.645  9.001  9.001  9.001  9.001  9.001  9.001  9.001  9.001    2   -3    3   -4    4   -5  105    0    0    0    0    0    0    0    0  80.755 112.363 126.628 129.837 109.625 
   A:V21   2.747    4.882  5.267  6.306  7.139  7.712  7.891  7.989  8.212  8.291  9.001  9.001  9.001  9.001  9.001  9.001   -3    2   -4  104   83    3  103   -5   84    0    0    0    0    0    0  79.458 121.110 137.190 161.341 129.626 
   A:L22   2.919    4.721  5.928  6.209  8.146  8.264  8.681  8.888  8.930  9.001  9.001  9.001  9.001  9.001  9.001  9.001   -3    2   -4   -5   82   54    3   55    0    0    0    0    0    0    0  43.329  62.279  82.192  73.205  63.607 
   A:G23   3.093    4.945  5.455  6.227  7.160  7.731  8.748  8.943  9.001  9.001  9.001  9.001  9.001  9.001  9.001  9.001   -4   -3    2   -5    5    3    4    0    0    0    0    0    0    0    0  19.239  40.244  37.395  83.659 150.975 
   A:V24   3.288    5.353  5.725  5.953  6.036  7.199  7.374  7.891  8.392  9.001  9.001  9.001  9.001  9.001  9.001  9.001    4    2   -5    3   -4    5   -3   -6    0    0    0    0    0    0    0  25.255  23.842  90.705 136.648  64.128 
   A:N25   2.791    4.360  4.754  6.062  7.646  8.181  8.888  9.001  9.001  9.001  9.001  9.001  9.001  9.001  9.001  9.001    2    3    4   -6    5   -3    0    0    0    0    0    0    0    0    0  39.448 114.581 128.726  49.922  67.962 
   A:V26   2.764    4.196  4.776  6.294  8.118  8.748  9.001  9.001  9.001  9.001  9.001  9.001  9.001  9.001  9.001  9.001    2    3    4    5   -3    0    0    0    0    0    0    0    0    0    0  76.588 114.419  54.126  30.323 107.235 
   A:M27   2.763    4.247  4.932  6.036  6.219  8.100  8.943  9.001  9.001  9.001  9.001  9.001  9.001  9.001  9.001  9.001    2    3   -3    4    5   -4    0    0    0    0    0    0    0    0    0  81.209 110.102  46.751  37.893 106.206 
   A:L28   2.734    4.284  4.754  4.754  5.353  5.972  7.731  7.929  7.960  9.001  9.001  9.001  9.001  9.001  9.001  9.001    2   -3    3   -4    4   -5   -9    5    0    0    0    0    0    0    0  78.835 107.396  48.058  28.144  91.170 
   A:R29   2.776    4.187  4.733  4.776  5.998  6.062  7.374  7.931  8.162  8.439  8.510  9.001  9.001  9.001  9.001  9.001    2    3   -3    4   -4   -5    5  -14  -13  -10    0    0    0    0    0  77.947 111.884  58.299  19.315  94.049 
   A:K30   2.734    4.398  4.932  5.026  6.184  6.294  8.022  8.181  9.001  9.001  9.001  9.001  9.001  9.001  9.001  9.001    2   -3    3    4   -4    5   -5    0    0    0    0    0    0    0    0  81.098 116.257  59.694  24.642 100.751 
   A:I31   2.849    4.421  4.754  4.939  6.052  6.219  8.033  8.118  8.301  8.352  9.001  9.001  9.001  9.001  9.001  9.001    2   -3    3    4   -4    5   -5   26   27    0    0    0    0    0    0  76.067 111.645  57.404  21.524  91.278 
   A:A32   2.736    4.253  4.726  4.733  5.963  5.972  7.290  8.100  8.429  9.001  9.001  9.001  9.001  9.001  9.001  9.001    2    3   -3    4   -4  -17   -5    5    0    0    0    0    0    0    0  75.336 111.476  59.132  19.395  76.165 
   A:V33   2.761    4.264  4.840  5.026  5.998  6.809  7.960  8.212  9.001  9.001  9.001  9.001  9.001  9.001  9.001  9.001    2    3   -3   -4    4   -5  -18    0    0    0    0    0    0    0    0  78.608 114.992  57.759  32.641 107.666 
   A:A34   2.731    4.277  4.939  5.636  6.184  7.287  7.423  7.693  7.931  8.958  9.001  9.001  9.001  9.001  9.001  9.001    2   -3    3   -4    4   22   23   -5   24    0    0    0    0    0    0  78.143 111.742  51.000  36.177  58.069 
   A:A35   2.733    4.566  4.726  5.463  6.052  6.134  7.010  7.054  7.813  7.825  8.022  9.001  9.001  9.001  9.001  9.001    2   -3    3   -4   21   20   22    4   23   -5    0    0    0    0    0  76.981  89.617  46.172  21.855   4.479 
   A:A36   2.723    4.752  4.840  5.963  7.405  8.033  8.197  8.261  8.701  9.001  9.001  9.001  9.001  9.001  9.001  9.001    2   -3   -4    3   -5   20   19  -25    0    0    0    0    0    0    0  66.396 110.236  93.403  79.303  76.471 
   A:S37   3.262    5.636  6.382  6.809  7.721  7.820  8.429  8.502  8.516  8.851  9.001  9.001  9.001  9.001  9.001  9.001   -3    2   -4  -29  -28   -5   18   19  -26    0    0    0    0    0    0  75.256  83.005  87.049  87.640  93.712 
   A:K38   3.267    5.463  5.969  6.424  6.770  7.079  7.287  7.629  8.350  8.478  9.001  9.001  9.001  9.001  9.001  9.001   -3   17    2   18  -30   -4   16  -31  -29    0    0    0    0    0    0  24.344  41.853  45.214  47.745  46.578 
   A:P39   3.234    4.905  5.355  6.543  6.734  6.858  7.190  7.405  7.410  7.813  8.000  9.001  9.001  9.001  9.001  9.001   16   15    2  -32  -31   17   -3   14   -4  -33    0    0    0    0    0  17.616  21.009  23.470  22.338  32.827 
   A:A40   3.311    4.790  5.335  5.768  5.786  6.249  6.596  7.321  7.565  7.678  9.001  9.001  9.001  9.001  9.001  9.001   14   13  -33  -34   15    2  -32   12  -35    0    0    0    0    0    0   3.400   7.625   4.727  15.882  15.389 
   A:V41   3.294    4.786  4.863  5.397  5.558  6.286  6.393  6.617  7.558  7.563  8.786  8.922  9.001  9.001  9.001  9.001  -35   12  -36   11   13  -34    2  -37   10   14  -33    0    0    0    0   6.083   1.417  12.933  12.251  25.522 
   A:E42   3.330    4.843  4.904  5.296  5.471  6.047  6.146  6.608  6.780  7.574  8.484  8.659  9.001  9.001  9.001  9.001   10  -37    9  -38  -36   11    2  -39    8  -35   12    0    0    0    0   5.332   9.451   9.648  21.098  81.960 
   A:I43   3.313    4.698  4.841  5.218  5.565  6.173  6.388  6.675  7.715  7.719  8.355  8.764  9.001  9.001  9.001  9.001  -39    8  -40    7  -38    9    2  -41    6  -37   10    0    0    0    0  11.535  10.834  24.145  86.086 120.447 
   A:K44   3.363    4.886  5.220  5.488  6.016  6.187  6.469  6.797  7.621  8.042  8.694  8.812  8.867  9.001  9.001  9.001    6  -41    5  -40    7    2  -42    4    3  -39    8  -43    0    0    0   1.839  12.668  74.960 119.829 155.675 
   A:Q45   3.153    4.866  5.283  5.607  6.337  7.007  7.375  8.205  8.490  8.765  9.001  9.001  9.001  9.001  9.001  9.001    4    2    3    5  -42  -43  -44  -41    6    0    0    0    0    0    0  13.790  76.200 121.552 155.759 165.739 
   A:E46   3.023    4.542  5.725  8.420  8.550  8.878  9.001  9.001  9.001  9.001  9.001  9.001  9.001  9.001  9.001  9.001    2    3    4  -45  -44    0    0    0    0    0    0    0    0    0    0  62.419 116.014 163.571 169.821 165.230 
   A:G47   2.876    5.527  7.070  8.042  8.275  8.688  8.734  8.781  9.001  9.001  9.001  9.001  9.001  9.001  9.001  9.001    2   19   -3   18   20  -46    3    0    0    0    0    0    0    0    0  79.339 120.557 113.627 103.379 100.520 
   A:D48   3.293    4.818  5.434  5.607  6.754  7.134  7.621  7.915  9.001  9.001  9.001  9.001  9.001  9.001  9.001  9.001   18   17   -3    2   19   -4   16    0    0    0    0    0    0    0    0  52.881  53.935  61.763  56.903  62.941 
   A:T49   3.486    4.782  4.866  5.488  5.707  5.725  5.995  6.725  7.719  7.741  8.861  9.001  9.001  9.001  9.001  9.001   16   -4   -5   15   -3   17    2   -6   14   18    0    0    0    0    0   9.995  27.172  26.479  31.384  29.625 
   A:F50   3.316    4.886  4.920  5.344  5.565  6.221  6.337  6.643  7.574  7.611  8.376  8.420  8.781  8.910  9.001  9.001   -6   14   13   -7   15   -5    2   -8   12   16   -4   -3  -47    0    0  17.317  16.510  21.467  19.629  11.663 
   A:Y51   3.334    4.841  4.916  5.296  5.561  6.187  6.395  6.598  7.563  7.591  8.703  8.765  9.001  9.001  9.001  9.001   -8   12   -9   11   -7   13    2  -10   10   14   -6    0    0    0    0   5.020   4.296   4.431   5.699  17.226 
   A:I52   3.276    4.808  4.843  5.266  5.558  6.253  6.388  6.524  7.565  7.576  8.771  8.812  9.001  9.001  9.001  9.001   10  -10    9  -11   11   -9    2  -12    8   12   -8    0    0    0    0   6.641   3.498   6.801  13.051  54.308 
   A:K53   3.252    4.801  4.863  5.335  5.522  6.146  6.336  6.615  7.410  7.747  8.764  8.846  9.001  9.001  9.001  9.001    8  -12  -13    7  -11    9    2  -14    6  -10   10    0    0    0    0   3.530   9.951  19.691  59.866 130.130 
   A:T54   3.384    4.790  4.804  5.355  5.527  6.144  6.286  6.863  7.629  8.161  8.659  8.740  8.843  9.001  9.001  9.001  -14    6  -15    5    7  -13    2  -16    4  -12    8    3    0    0    0   8.857  16.376  56.430 127.657 169.812 
   A:S55   3.532    4.766  4.905  5.811  5.969  6.008  6.165  6.249  7.010  8.261  8.502  8.679  8.786  9.001  9.001  9.001    4  -16    2  -17    3    5  -15  -20  -19  -18    6  -14    0    0    0  14.199  57.789 132.609 161.781 172.016 
   A:T56   2.722    4.520  5.539  6.134  6.770  7.190  7.423  8.197  8.300  8.516  9.001  9.001  9.001  9.001  9.001  9.001    2    3  -21  -18  -17  -22  -20    4  -19    0    0    0    0    0    0  43.816 119.838 161.433 162.915 163.142 
   A:T57   3.042    5.636  7.054  7.693  8.301  8.843  8.934  9.001  9.001  9.001  9.001  9.001  9.001  9.001  9.001  9.001    2  -22  -23  -26   -3    3    0    0    0    0    0    0    0    0    0  76.853 129.682 122.172 124.003 119.774 
   A:V58   3.528    6.008  6.886  7.825  8.161  8.352  8.958  9.001  9.001  9.001  9.001  9.001  9.001  9.001  9.001  9.001   -3    2  -23   -4  -27  -24    0    0    0    0    0    0    0    0    0  62.027  50.716  53.428  46.552  49.129 
   A:R59   3.395    4.766  5.527  5.539  6.794  7.747  9.001  9.001  9.001  9.001  9.001  9.001  9.001  9.001  9.001  9.001   -4   -5   -3    2   -6    0    0    0    0    0    0    0    0    0    0  11.737   8.877  16.587  16.832  28.474 
   A:T60   3.401    4.804  5.522  6.165  6.718  7.576  8.300  8.934  9.001  9.001  9.001  9.001  9.001  9.001  9.001  9.001   -6   -7   -5    2   -8   -4   -3    0    0    0    0    0    0    0    0   2.863   4.977   7.370  18.884  32.455 
   A:T61   3.332    4.801  5.266  6.144  6.752  7.591  8.679  8.724  9.001  9.001  9.001  9.001  9.001  9.001  9.001  9.001   -8   -9   -7    2  -10   -6   12    0    0    0    0    0    0    0    0   7.793   9.294  21.109  33.900  58.107 
   A:E62   3.426    4.808  5.561  6.336  6.704  7.611  8.294  8.376  8.740  9.001  9.001  9.001  9.001  9.001  9.001  9.001  -10  -11   -9    2  -12   10   11   -8    0    0    0    0    0    0    0   4.996  14.700  29.375  53.582  59.748 
   A:I63   3.314    4.916  5.344  6.253  6.813  7.741  8.023  8.428  8.846  9.001  9.001  9.001  9.001  9.001  9.001  9.001  -12  -13  -11    2  -14    9    8  -10    0    0    0    0    0    0    0  11.860  25.137  49.427  58.250  83.246 
   A:N64   3.566    4.920  5.707  6.395  6.739  7.763  7.841  7.915  8.649  8.758  8.771  9.001  9.001  9.001  9.001  9.001  -14  -15  -13    2    7    6  -16    8    5  -12    0    0    0    0    0  15.934  39.464  46.573  82.760 129.276 
   A:F65   3.328    4.782  5.434  6.074  6.221  6.676  6.809  7.274  8.129  8.275  8.703  8.749  8.785  9.001  9.001  9.001  -16  -17    2  -15    3    4    5   19  -18  -14    6   20    0    0    0  24.290  40.913  94.851 139.986 163.339 
   A:K66   2.998    4.666  4.818  5.995  6.372  6.429  6.791  7.070  8.029  8.066  8.376  8.813  9.001  9.001  9.001  9.001    2  -18  -17    3   19   18  -19   20    4  -16   17    0    0    0    0  32.516 105.225 139.444 147.668 147.251 
   A:V67   2.919    4.825  5.729  5.779  6.345  7.134  8.213  8.267  8.688  8.861  9.001  9.001  9.001  9.001  9.001  9.001   18   17    2   19  -19   16    3  -20  -18    0    0    0    0    0    0  75.903 107.431 123.286 128.876 120.158 
   A:G68   3.368    5.895  6.350  6.385  6.676  7.317  8.579  9.001  9.001  9.001  9.001  9.001  9.001  9.001  9.001  9.001   16   17    2   -3   15   18    0    0    0    0    0    0    0    0    0  46.534  72.700  82.519 102.935 107.553 
   A:E69   3.186    5.635  5.950  6.372  6.705  6.809  7.523  7.933  8.758  9.001  9.001  9.001  9.001  9.001  9.001  9.001   14   15   -3    2   -4   13   16   -5    0    0    0    0    0    0    0  26.171  36.017  57.695  67.443  87.696 
   A:E70   3.544    4.876  5.371  6.695  6.700  7.274  7.586  7.841  8.066  8.267  9.001  9.001  9.001  9.001  9.001  9.001   13   12   14    2   -5   11   -6   -4   -3    0    0    0    0    0    0   9.883  33.186  46.905  76.071  78.090 
   A:F71   3.322    4.672  5.491  6.040  6.801  7.763  7.786  8.428  8.612  8.749  9.001  9.001  9.001  9.001  9.001  9.001   11   10   12    2   -7    9   -8   13   -6    0    0    0    0    0    0  25.279  41.135  73.140  70.841  24.784 
   A:E72   3.563    4.803  5.400  5.620  6.694  7.509  7.594  8.023  8.294  8.649  9.001  9.001  9.001  9.001  9.001  9.001    9   10    8    2   11    7   -9  -10   -8    0    0    0    0    0    0  17.996  52.347  45.569   7.278  83.413 
   A:E73   3.444    4.492  5.065  5.673  6.427  6.456  7.119  8.059  8.376  8.518  8.724  8.893  9.001  9.001  9.001  9.001    7    6    8    5    2    9    4  -11    3  -12   26    0    0    0    0  34.389  32.008  16.365  94.551 140.490 
   A:Q74   3.222    4.304  4.538  5.044  5.377  5.406  6.853  8.340  8.367  8.404  8.804  8.931  9.001  9.001  9.001  9.001    5    4    6    3    2    7    8   24   23   25   33    0    0    0    0  28.835  49.295 112.183 138.698 127.841 
   A:T75   2.675    4.193  5.281  6.574  7.966  8.237  8.742  9.001  9.001  9.001  9.001  9.001  9.001  9.001  9.001  9.001    2    3    4    5   32   33    0    0    0    0    0    0    0    0    0  47.269 126.526 167.390 147.180 132.213 
   A:V76   2.800    5.272  7.639  8.076  8.518  8.681  9.001  9.001  9.001  9.001  9.001  9.001  9.001  9.001  9.001  9.001    2    3  -58   -3  -54    0    0    0    0    0    0    0    0    0    0  80.060 127.487 152.451 172.585 161.007 
   A:D77   2.962    5.377  5.949  8.059  8.635  8.930  9.001  9.001  9.001  9.001  9.001  9.001  9.001  9.001  9.001  9.001   -3    2   -4    3  -55    0    0    0    0    0    0    0    0    0    0  47.653  77.353  98.640 117.048 143.074 
   A:G78   3.213    4.538  5.281  6.166  6.427  9.001  9.001  9.001  9.001  9.001  9.001  9.001  9.001  9.001  9.001  9.001   -4   -3    2   -5    0    0    0    0    0    0    0    0    0    0    0  31.088  51.023  69.467  96.180 104.656 
   A:R79   3.078    4.304  5.065  6.343  6.522  6.574  7.238  7.449  7.594  7.639  8.530  9.001  9.001  9.001  9.001  9.001   -5   -6   20    2   -4   21   19   -7   -3   22    0    0    0    0    0  22.895  40.294  69.019  78.081  87.653 
   A:P80   3.529    4.492  4.521  5.044  5.533  5.620  6.111  6.564  7.119  7.786  7.966  8.439  8.635  9.001  9.001  9.001   -7   19   -6   18   -8   20    2   17   -9   -5   21   -3    0    0    0  18.452  46.309  55.312  64.868  64.558 
   A:C81   3.252    4.694  4.803  4.915  5.164  5.491  5.673  6.710  6.853  7.209  7.236  7.586  9.001  9.001  9.001  9.001   17   -9   18   16  -10   -8    2   -7   19   15  -11    0    0    0    0  29.075  38.179  47.708  46.700  48.971 
   A:K82   3.479    4.672  4.813  5.371  5.374  5.400  6.253  6.840  7.119  7.298  7.523  7.607  8.340  9.001  9.001  9.001  -11   15  -12   14  -10   16    2   -9   13  -13   17   -8    0    0    0   9.107  18.665  18.531  22.255  55.119 
   A:S83   3.385    4.876  4.988  5.307  5.635  6.040  6.483  6.675  7.229  7.317  7.509  8.213  8.813  8.999  9.001  9.001  -13   13   12  -14  -12   14    2   11  -15  -11  -16  -17   15    0    0   9.573  10.487  15.311  50.310  39.956 
   A:L84   3.299    4.841  5.158  5.729  5.895  5.950  6.449  6.695  6.791  6.814  7.222  8.129  8.612  9.001  9.001  9.001   11   10  -17  -16  -15   12  -14  -18    2    9  -19  -13    0    0    0   5.778  10.922  45.555  33.239  45.123 
   A:V85   3.523    4.715  4.825  5.225  6.218  6.222  6.350  6.429  7.437  7.933  8.785  8.785  8.892  9.001  9.001  9.001    9  -18    8   10    2  -17  -19    7  -16   11  -20    3    0    0    0   5.514  40.837  29.595  50.855  89.866 
   A:K86   3.006    4.777  5.489  5.663  6.244  6.345  7.393  7.931  8.029  8.487  8.579  8.702  9.001  9.001  9.001  9.001    7    6    2    8  -19    3    5  -20    4  -18    9    0    0    0    0  35.379  24.713  55.368  92.189 132.903 
   A:W87   2.706    4.683  5.086  5.240  6.484  6.923  7.321  9.001  9.001  9.001  9.001  9.001  9.001  9.001  9.001  9.001    5    6    2    4    3    7    0    0    0    0    0    0    0    0    0  15.047  83.515 101.060 100.440 128.282 
   A:E88   3.603    5.214  5.706  5.777  6.691  8.892  9.001  9.001  9.001  9.001  9.001  9.001  9.001  9.001  9.001  9.001    4    3    2    5   -3    0    0    0    0    0    0    0    0    0    0  68.480  89.701 108.311 143.290 138.831 
   A:S89   2.685    4.352  5.862  7.393  8.560  8.995  9.001  9.001  9.001  9.001  9.001  9.001  9.001  9.001  9.001  9.001    2    3   -3    4   23    0    0    0    0    0    0    0    0    0    0  47.048 125.791 148.177 152.070 151.279 
   A:E90   2.978    5.658  6.923  7.101  7.658  7.952  8.241  8.487  8.862  9.001  9.001  9.001  9.001  9.001  9.001  9.001    2   -3   22  -89   23   21   -4    3    0    0    0    0    0    0    0  79.696 115.035 115.046 113.600 116.888 
   A:N91   3.397    4.797  5.333  5.706  6.484  6.510  6.739  7.667  7.931  8.291  8.905  9.001  9.001  9.001  9.001  9.001   21   20   -3   -4   22    2   19   -5  -90   23    0    0    0    0    0  54.998  50.678  49.446  52.394  47.642 
   A:K92   3.350    4.683  4.786  5.214  5.489  5.529  5.862  6.401  6.748  7.437  7.757  8.958  9.001  9.001  9.001  9.001   -5   19   -4   -6   18   -3   20    2   -7   17   21    0    0    0    0   5.425   6.036   5.039   7.679  11.567 
   A:M93   3.399    4.777  4.819  5.086  5.225  5.515  6.181  6.691  6.730  7.222  7.992  8.560  8.862  8.912  9.001  9.001   -7   17   -6   -8   16   18   -5    2   -9   15   -4   -3   19    0    0   1.502   1.970   6.069  12.067  19.449 
   A:V94   3.334    4.715  4.743  5.158  5.666  6.160  6.244  6.585  7.229  7.321  8.125  8.710  9.001  9.001  9.001  9.001   -9   15  -10   14   16   -8    2  -11   -7   13   17    0    0    0    0   3.469   4.726  10.873  18.092  43.087 
   A:C95   3.266    4.841  4.990  5.307  6.009  6.218  6.223  6.714  7.298  8.702  8.704  8.751  9.001  9.001  9.001  9.001  -11   13  -12   12  -10   14    2  -13   -9   11   15    0    0    0    0   7.863  13.636  21.189  45.084  20.760 
   A:E96   3.458    4.988  5.192  5.374  6.088  6.449  6.819  6.954  7.236  8.575  8.785  9.001  9.001  9.001  9.001  9.001  -13   11  -14   12  -12    2   10  -15   13  -11    0    0    0    0    0   6.254  13.382  38.780  14.146  57.123 
   A:Q97   3.377    4.813  5.164  6.365  6.443  6.483  6.720  7.119  8.383  8.404  8.539  9.001  9.001  9.001  9.001  9.001  -15  -16    2   10  -14    9  -17    8  -23   11    0    0    0    0    0   7.901  32.622   8.066  61.237 104.107 
   A:K98   3.183    4.694  5.533  5.829  6.253  7.341  7.449  7.742  8.023  8.047  8.367  8.579  8.716  8.753  8.999  9.001  -17  -18    2  -16    3  -19    4    8    5  -24    7    6    9  -15    0  28.020   7.507  62.116 106.502 131.812 
   A:L99   2.782    4.521  4.915  5.204  6.343  6.913  7.607  8.444  8.804  8.893  9.001  9.001  9.001  9.001  9.001  9.001  -19  -18    2  -20    3  -17    4  -25  -26    0    0    0    0    0    0  24.636  88.501 133.563 147.173 157.707 
  A:L100   3.489    6.111  6.309  7.209  7.238  8.833  9.001  9.001  9.001  9.001  9.001  9.001  9.001  9.001  9.001  9.001  -20    2  -19  -21    3    0    0    0    0    0    0    0    0    0    0  68.322 111.882 139.113 157.717 163.358 
  A:K101   3.342    6.493  7.341  8.439  8.530  9.001  9.001  9.001  9.001  9.001  9.001  9.001  9.001  9.001  9.001  9.001    2   -3  -21  -22    0    0    0    0    0    0    0    0    0    0    0  45.072  72.774  90.721 123.227 153.541 
  A:G102   3.496    6.865  6.913  7.742  9.001  9.001  9.001  9.001  9.001  9.001  9.001  9.001  9.001  9.001  9.001  9.001    2   -3   -4    0    0    0    0    0    0    0    0    0    0    0    0  36.530  50.151  78.177 112.500 115.426 
  A:E103   3.461    6.234  8.047  8.444  8.528  8.833  9.001  9.001  9.001  9.001  9.001  9.001  9.001  9.001  9.001  9.001    2   -5   -4    3   -3    0    0    0    0    0    0    0    0    0    0  18.630  56.397  81.087  80.523  67.058 
  A:G104   3.135    5.859  7.061  7.712  8.264  8.716  8.998  9.001  9.001  9.001  9.001  9.001  9.001  9.001  9.001  9.001    2   21  -83  -82   -6   20    0    0    0    0    0    0    0    0    0  38.179  63.705  65.275  52.131  41.219 
  A:P105   3.052    4.782  6.445  6.645  6.913  8.291  8.383  8.579  9.001  9.001  9.001  9.001  9.001  9.001  9.001  9.001   20    2   19   21  -84   -8   -7    0    0    0    0    0    0    0    0  37.483  47.094  40.082  27.990  38.037 
  A:K106   3.436    4.758  5.135  6.720  6.954  6.975  7.043  7.534  8.023  8.528  8.704  8.959  9.001  9.001  9.001  9.001   19   18   -9  -10    2   20   17   -8   -3  -11   21    0    0    0    0  13.304  19.143  23.276  18.747  24.462 
  A:T107   3.587    4.951  5.192  5.600  6.009  6.443  6.512  7.075  7.857  8.125  8.237  8.617  8.753  8.931  9.001  9.001   17  -11   16  -12  -10   18    2   15  -13  -32   19   -9  -33    0    0  13.466  24.662  14.615  25.849  33.007 
  A:S108   3.535    4.779  4.990  5.412  5.666  6.088  6.366  7.006  7.720  7.992  8.539  8.742  8.944  9.001  9.001  9.001   15  -13   14  -14  -12   16    2   13  -15  -11  -33   17    0    0    0  13.234   2.055  14.209  20.284  39.802 
  A:W109   3.505    4.680  4.743  5.374  5.515  6.160  6.223  6.859  7.481  7.757  8.575  8.846  9.001  9.001  9.001  9.001   13  -15   12  -16   14  -14    2   11  -17  -13   15    0    0    0    0  11.260   1.235   9.087  30.151  39.323 
  A:T110   3.394    4.792  4.819  5.250  5.529  6.160  6.285  6.841  7.370  7.667  8.751  8.879  9.001  9.001  9.001  9.001   11  -17   10  -18  -16   12    2    9  -19  -15   13    0    0    0    0  12.271  18.642  38.563  49.431  32.946 
  A:R111   3.463    4.786  4.850  5.333  5.336  6.181  6.314  6.444  7.501  8.241  8.710  8.874  9.001  9.001  9.001  9.001  -19    9  -20    8  -18   10    2    7  -21  -17   11    0    0    0    0   7.877  28.939  38.100  32.260  93.231 
  A:E112   3.092    4.797  4.817  5.426  6.329  6.381  6.401  7.101  7.186  8.068  8.584  8.684  8.774  8.792  8.912  8.995  -21    7    6    8    2  -20  -22    5 -110 -111    4    9    3  -19  -23  21.064  30.815  27.906  96.280 144.627 
  A:L113   3.337    4.810  5.188  5.707  5.724  5.921  6.510  7.952  8.140  8.958  8.975  9.001  9.001  9.001  9.001  9.001    5    4    2    6    3  -22  -23    7  -21 -111    0    0    0    0    0  13.978  25.922 104.223 150.923 151.935 
  A:T114   2.723    4.345  5.387  6.595  8.186  8.905  9.001  9.001  9.001  9.001  9.001  9.001  9.001  9.001  9.001  9.001    2    3    4    5  -23    0    0    0    0    0    0    0    0    0    0  39.528 117.845 161.279 144.123 128.654 
  A:N115   2.880    5.253  7.561  8.792  9.001  9.001  9.001  9.001  9.001  9.001  9.001  9.001  9.001  9.001  9.001  9.001    2    3   -3    0    0    0    0    0    0    0    0    0    0    0    0  78.352 125.605 145.221 149.270 149.901 
  A:D116   2.891    5.921  5.957  8.684  8.858  8.870  9.001  9.001  9.001  9.001  9.001  9.001  9.001  9.001  9.001  9.001   -3    2   -4   18    3    0    0    0    0    0    0    0    0    0    0  48.913  82.746 102.231  95.499 102.226 
  A:G117   3.376    5.188  5.387  6.334  6.611  6.709  7.186  7.994  9.001  9.001  9.001  9.001  9.001  9.001  9.001  9.001   -4   -3   17    2   18   -5   16    0    0    0    0    0    0    0    0  36.344  55.581  48.671  56.387  51.440 
  A:E118   3.333    4.810  4.864  5.426  5.430  6.543  6.572  6.595  7.501  7.546  7.561  8.994  9.001  9.001  9.001  9.001   -5   16   -6   15   17    2   -4   -7   14   -3 -111    0    0    0    0  19.594  12.762  20.094  15.288  22.837 
  A:L119   3.251    4.817  4.821  5.336  5.417  5.724  6.223  6.451  7.370  7.538  8.186  8.742  8.870  9.001  9.001  9.001   -7   14   -8   13   -6   15    2   -9   12   -5   16   -3    0    0    0   6.915   2.818   4.371   4.344   8.492 
  A:I120   3.216    4.780  4.850  5.250  5.511  6.057  6.329  6.567  7.481  7.506  8.140  8.479  9.001  9.001  9.001  9.001   12   -9  -10   11   13   -8    2  -11   10   -7   14    0    0    0    0   8.054   2.969  10.666  15.100  28.263 
  A:L121   3.357    4.792  4.834  5.348  5.374  6.057  6.314  6.690  7.371  7.720  8.446  8.774  9.001  9.001  9.001  9.001  -11   10    9  -12   11  -10    2    8  -13   12   -9    0    0    0    0   5.096   2.744   7.178  20.404  85.235 
  A:T122   3.348    4.680  4.806  5.339  5.412  6.243  6.285  6.808  7.480  7.857  8.565  8.874  9.001  9.001  9.001  9.001  -13    8    7  -14    9  -12    2    6  -15   10  -11    0    0    0    0   7.750  12.201  25.404  90.318 132.514 
  A:M123   3.465    4.753  4.779  5.426  5.600  6.160  6.184  6.678  7.427  7.534  8.126  8.455  8.715  8.729  8.863  8.879    6  -15    5  -16  -14    7    2    4  -17    3 -105    8 -106 -109  -13   4.454  17.676  82.574 130.178 151.252 
  A:T124   3.258    4.865  4.951  5.135  5.271  5.415  6.221  6.366  6.645  7.640  7.989  8.039  8.744  8.846  8.998  9.001    4  -17  -18    2    3    5  -16  -19 -106 -103 -107    6  -15  -20    0  13.226  78.138 128.685 154.600 160.060 
  A:A125   2.992    4.561  4.758  4.782  5.921  6.512  7.061  7.139  8.458  8.583  8.645  8.819  8.944  9.001  9.001  9.001    2  -19  -20    3  -18  -21 -104    4 -107 -105 -108  -17    0    0    0  65.057 123.529 162.387 168.535 170.977 
  A:D126   2.864    5.591  6.913  7.043  8.126  8.617  8.753  9.001  9.001  9.001  9.001  9.001  9.001  9.001  9.001  9.001    2  -21  -20   -3  -19    3    0    0    0    0    0    0    0    0    0  77.726 117.282 116.213 108.754 108.203 
  A:D127   3.207    5.415  6.556  7.427  8.153  8.959  9.001  9.001  9.001  9.001  9.001  9.001  9.001  9.001  9.001  9.001   -3    2   -4 -110  -21    0    0    0    0    0    0    0    0    0    0  45.949  48.843  47.500  48.540  56.293 
  A:V128   3.358    4.865  5.426  5.921  6.568  6.589  7.480  7.597  7.871  8.166  8.888  9.001  9.001  9.001  9.001  9.001   -4   -5   -3 -111    2   -6 -114 -110 -115 -112    0    0    0    0    0   6.186  14.218  15.910  20.012  22.918 
  A:V129   3.251    4.753  5.339  5.585  5.755  6.221  6.599  6.708  7.371  7.772  7.893  7.977  8.348  8.458  8.753  9.001   -6   -7 -115 -116   -5    2 -112   -8 -114 -111 -117 -113   -4   -3    0   9.053  10.516  13.830  16.734  20.908 
  A:C130   3.348    4.806  4.921  5.348  5.599  5.690  6.184  6.730  7.506  7.760  8.008  8.617  8.744  9.001  9.001  9.001   -8 -117   -9 -116 -118   -7    2  -10 -119 -115 -113   -6    0    0    0   1.805   9.044  11.522  17.828  27.937 
  A:T131   3.397    4.817  4.834  5.331  5.511  6.173  6.243  6.770  7.398  7.538  7.711  8.715  9.001  9.001  9.001  9.001 -119  -10 -120  -11 -118   -9    2 -117  -12 -121   -8    0    0    0    0   7.773  10.046  16.573  27.159  43.932 
  A:R132   3.376    4.765  4.780  5.417  5.507  6.057  6.225  6.381  6.871  7.546  7.609  8.565  8.882  9.001  9.001  9.001 -121  -12  -13 -122  -11 -123 -120    2  -14 -124  -10 -119    0    0    0   2.911   8.806  19.806  42.919  43.932 
  A:V133   3.507    4.563  4.821  5.075  5.389  5.430  6.057  6.436  6.911  6.934  7.994  8.446  9.001  9.001  9.001  9.001 -124  -14 -123 -125  -15  -13 -122 -126    2  -16  -12    0    0    0    0   6.908  18.854  44.892  42.919 180.000 
  A:Y134   3.468    4.788  4.864  5.025  5.311  6.221  6.223  6.334  6.972  7.125  8.479  8.858  9.001  9.001  9.001  9.001 -126  -16 -127 -125    2  -15  -17 -124 -128  -14  -18    0    0    0    0  12.407  43.613  44.892  42.919 180.000 
  A:V135   3.110    4.623  5.395  6.135  6.543  6.709  7.020  7.727  8.507  8.742  9.001  9.001  9.001  9.001  9.001  9.001 -128 -129 -127  -17  -18 -130 -126 -131  -16    0    0    0    0    0    0  37.972  43.613  44.892  42.919 180.000 
